TANK	DATES	Dapp_ug	Clad_ug	e_chl	i_chl
36	2005/05/25	3.611326405	0.067779909	20.21	0.005
36	2005/05/30	0.903	0.0339	189.64	7.86
36	2005/06/03	15.79778226	0.135559817	162.02	4.69
36	2005/06/08	321.8920536	0.0339	11.69	1
36	2005/06/13	943.6045971	0.135559817	1.53	0.18
36	2005/06/17	406.9581631	0.0339	1.79	0.5
36	2005/06/22	289.0327362	0.0339	1.02	0.03
36	2005/06/27	140.5447416	0.135559817	1.02	0.03
36	2005/07/01	187.2931914	0.0339	2.75	0.005
36	2005/07/06	0.903	1.084478538	3.41	0.1
36	2005/07/11	0.903	0.0339	2.38	0.2
36	2005/07/15	59.26740593	1.626717807	2.2	0.2
36	2005/07/20	285.3989182	8.433149206	1.8	0.33
36	2005/07/25	151.4082954	2.846756163	1.68	7.43
36	2005/07/29	59.33202261	0.0339	1.7	0.02
36	2005/08/03	95.95339727	5.4901726	1.67	0.41
36	2005/08/08	184.5941756	3.117875797	1.64	0.09
36	2005/08/12	74.4262287	2.711196345	3.66	0.07
36	2005/08/17	37.54029834	9.645610152	2.01	0.5
36	2005/08/22	29.36628934	2.575636528	2.27	0.34
36	2005/08/26	70.54748867	3.795674884	3.29	77.7
36	2005/08/31	41.12913321	3.050095889	150.63	9848.82
36	2005/09/05	95.21738859	8.072919262	36.91	2942.35
36	2005/09/09	47.15550773	6.032411869	7.58	1914.46
36	2005/09/14	551.0775735	6.642431046	19.79	6669.65
36	2005/09/19	367.2264896	8.133589036	24.63	328.31
					
					
					
					
					
					
					
					
					
					
					
					
					
					
					
					
					
					
					
					
					
					
					
					
					
					
					
					
					
					
					
					
					
					
					
					
					
					
					
					
					
					
					
					
					
					
					
					
					
					
					
					
					
					
					
					
					
					
					
					
					
					
					
					
					
					
					
					
					
					
					
					
					
					
					
					
					
					
					
					
					
					
					
					
					
					
					
					
					
					
					
					
					
					
					
					
					
					
					
					
					
					
					
					
					
					
					
					
					
					
					
					
					
					
					
					
					
					
					
					
					
					
					
					
					
					
					
					
					
					
					
					
					
					
					
					
					
					
					
					
					
					
					
					
					
					
					
					
					
					
					
					
					
					
					
					
					
					
					
					
					
					
					
					
					
					
					
					
					
					
					
					
					
					
					
					
					
					
					
					
					
					
					
					
					
					
					
					
					
					
					
					
					
					
					
					
					
					
					
					
					
					
					
					
					
					
					
					
					
					
					
					
					
					
					
					
					
					
					
					
					
					
					
					
					
					
					
					
					
					
					
					
					
					
